---- THRESHOLD: 60 ----

True Positive: [85, 77, 61, 92, 74, 54]

False Positives: [0, 0, 1, 0, 0, 0]

False Negatives: [29, 15, 12, 5, 3, 7]

Min Score: 60
Precision: [1.0, 1.0, 0.9838709677419355, 1.0, 1.0, 1.0]
Recall: [0.7456140350877193, 0.8369565217391305, 0.8356164383561644, 0.9484536082474226, 0.961038961038961, 0.8852459016393442]


---- THRESHOLD: 65 ----

True Positive: [84, 76, 60, 92, 73, 52]

False Positives: [0, 0, 1, 0, 0, 0]

False Negatives: [30, 16, 13, 5, 4, 9]

Min Score: 65
Precision: [1.0, 1.0, 0.9836065573770492, 1.0, 1.0, 1.0]
Recall: [0.7368421052631579, 0.8260869565217391, 0.821917808219178, 0.9484536082474226, 0.948051948051948, 0.8524590163934426]


---- THRESHOLD: 70 ----

True Positive: [83, 74, 59, 92, 73, 51]

False Positives: [0, 0, 1, 0, 0, 0]

False Negatives: [31, 18, 14, 5, 4, 10]

Min Score: 70
Precision: [1.0, 1.0, 0.9833333333333333, 1.0, 1.0, 1.0]
Recall: [0.7280701754385965, 0.8043478260869565, 0.8082191780821918, 0.9484536082474226, 0.948051948051948, 0.8360655737704918]


---- THRESHOLD: 75 ----

True Positive: [83, 69, 56, 91, 73, 51]

False Positives: [0, 0, 1, 0, 0, 0]

False Negatives: [31, 23, 17, 6, 4, 10]

Min Score: 75
Precision: [1.0, 1.0, 0.9824561403508771, 1.0, 1.0, 1.0]
Recall: [0.7280701754385965, 0.75, 0.7671232876712328, 0.9381443298969072, 0.948051948051948, 0.8360655737704918]


---- THRESHOLD: 80 ----

True Positive: [81, 68, 55, 90, 73, 51]

False Positives: [0, 0, 0, 0, 0, 0]

False Negatives: [33, 24, 18, 7, 4, 10]

Min Score: 80
Precision: [1.0, 1.0, 1.0, 1.0, 1.0, 1.0]
Recall: [0.7105263157894737, 0.7391304347826086, 0.7534246575342466, 0.9278350515463918, 0.948051948051948, 0.8360655737704918]


---- THRESHOLD: 85 ----

True Positive: [81, 68, 51, 90, 70, 51]

False Positives: [0, 0, 0, 0, 0, 0]

False Negatives: [33, 24, 22, 7, 7, 10]

Min Score: 85
Precision: [1.0, 1.0, 1.0, 1.0, 1.0, 1.0]
Recall: [0.7105263157894737, 0.7391304347826086, 0.6986301369863014, 0.9278350515463918, 0.9090909090909091, 0.8360655737704918]


---- THRESHOLD: 90 ----

True Positive: [79, 66, 50, 89, 66, 49]

False Positives: [0, 0, 0, 0, 0, 0]

False Negatives: [35, 26, 23, 8, 11, 12]

Min Score: 90
Precision: [1.0, 1.0, 1.0, 1.0, 1.0, 1.0]
Recall: [0.6929824561403509, 0.717391304347826, 0.684931506849315, 0.9175257731958762, 0.8571428571428571, 0.8032786885245902]


---- THRESHOLD: 95 ----

True Positive: [79, 62, 48, 87, 65, 47]

False Positives: [0, 0, 0, 0, 0, 0]

False Negatives: [35, 30, 25, 10, 12, 14]

Min Score: 95
Precision: [1.0, 1.0, 1.0, 1.0, 1.0, 1.0]
Recall: [0.6929824561403509, 0.6739130434782609, 0.6575342465753424, 0.8969072164948454, 0.8441558441558441, 0.7704918032786885]



Precision List: [[1.0, 1.0, 0.9838709677419355, 1.0, 1.0, 1.0], [1.0, 1.0, 0.9836065573770492, 1.0, 1.0, 1.0], [1.0, 1.0, 0.9833333333333333, 1.0, 1.0, 1.0], [1.0, 1.0, 0.9824561403508771, 1.0, 1.0, 1.0], [1.0, 1.0, 1.0, 1.0, 1.0, 1.0], [1.0, 1.0, 1.0, 1.0, 1.0, 1.0], [1.0, 1.0, 1.0, 1.0, 1.0, 1.0], [1.0, 1.0, 1.0, 1.0, 1.0, 1.0]]

Recall List: [[0.7456140350877193, 0.8369565217391305, 0.8356164383561644, 0.9484536082474226, 0.961038961038961, 0.8852459016393442], [0.7368421052631579, 0.8260869565217391, 0.821917808219178, 0.9484536082474226, 0.948051948051948, 0.8524590163934426], [0.7280701754385965, 0.8043478260869565, 0.8082191780821918, 0.9484536082474226, 0.948051948051948, 0.8360655737704918], [0.7280701754385965, 0.75, 0.7671232876712328, 0.9381443298969072, 0.948051948051948, 0.8360655737704918], [0.7105263157894737, 0.7391304347826086, 0.7534246575342466, 0.9278350515463918, 0.948051948051948, 0.8360655737704918], [0.7105263157894737, 0.7391304347826086, 0.6986301369863014, 0.9278350515463918, 0.9090909090909091, 0.8360655737704918], [0.6929824561403509, 0.717391304347826, 0.684931506849315, 0.9175257731958762, 0.8571428571428571, 0.8032786885245902], [0.6929824561403509, 0.6739130434782609, 0.6575342465753424, 0.8969072164948454, 0.8441558441558441, 0.7704918032786885]]